data_Outros <- c(22, 296, 456, 460)

data_Conn <- c(1, 2, 3, 4, 5, 6, 7, 8, 9, 10, 11, 12, 13, 14, 15, 16, 18, 19, 21, 23, 24, 25, 26, 27, 29, 30, 31, 33,
34,  37,  38,  39,  40,  41,  42, 43, 45, 47, 48, 49, 50, 52, 53, 54, 55, 56, 57, 58, 60, 61, 62, 63, 64, 65,
66,  67,  68,  69, 70, 71, 72, 73, 75, 76, 78, 79, 80, 82, 83, 84, 85, 86, 88, 89, 90, 91, 92, 93, 94, 96, 97, 98, 99,
100, 101, 103, 104, 105, 106, 107, 108, 109, 110, 111, 112, 113, 116, 118, 119, 121, 122, 123, 124, 125, 126, 127, 128, 
129, 130, 131, 132, 133, 134, 135, 136, 137, 138, 139, 140, 141, 142, 143, 145, 146, 147, 148, 149, 150, 151, 152, 153, 
154, 155, 156, 157, 159, 160, 162, 163, 164, 165, 168, 169, 170, 172, 173, 174, 175, 176, 177, 179, 180, 181, 182, 184, 
186, 188, 189, 190, 191, 192, 193, 194, 195, 196, 197, 198, 199, 200, 202, 204, 205, 206, 207, 208, 209, 210, 211, 212, 
213, 214, 215, 216, 217, 218, 220, 222, 223, 224, 226, 228, 229, 230, 231, 233, 234, 235, 236, 238, 239, 240, 241, 242, 
243, 244, 245, 246, 248, 249, 250, 251, 252, 253, 254, 255, 256, 257, 258, 259, 260, 261, 262, 264, 265, 266, 267, 268, 
269, 270, 271, 272, 273, 274, 275, 276, 277, 278, 279, 280, 281, 282, 283, 284, 285, 286, 287, 290, 291, 292, 293, 294, 
295, 297, 299, 300, 301, 302, 303, 304, 307, 308, 309, 310, 311, 312, 313, 314, 315, 316, 317, 318, 319, 321, 322, 323, 
324, 325, 326, 327, 328, 329, 330, 331, 332, 333, 334, 335, 336, 337, 338, 339, 340, 341, 342, 343, 344, 345, 346, 347, 
348, 349, 350, 351, 352, 353, 354, 355, 356, 357, 358, 359, 360, 361, 362, 363, 364, 365, 366, 367, 369, 370, 371, 373, 
374, 375, 377, 378, 379, 380, 381, 383, 384, 385, 386, 387, 388, 389, 390, 391, 392, 393, 394, 395, 396, 397, 398, 399, 
400, 401, 402, 403, 404, 405, 406, 407, 408, 409, 410, 411, 412, 413, 414, 415, 416, 417, 418, 419, 420, 421, 422, 423, 
424, 425, 426, 427, 428, 430, 431, 432, 433, 434, 435, 436, 437, 438, 439, 440, 441, 442, 443, 444, 445, 446, 447, 448, 
449, 450, 451, 452, 453, 454, 455, 457, 458, 459, 461, 462, 464, 465, 467, 468, 469, 470, 471, 472, 473, 474, 475, 476, 
477, 478, 479, 480, 481, 482, 483, 484, 485, 486, 487, 488, 490, 491, 492, 493, 494, 495, 496, 497, 498, 499, 500, 502, 
503, 504, 505, 506, 507, 508, 509, 510, 511, 512, 513, 514, 515, 516, 517, 518, 519, 520, 521, 522, 523, 524, 525, 527, 
528, 529, 530, 531, 532, 533, 534, 535, 536, 538, 539, 540, 541, 542, 543, 544, 546, 547, 548, 549, 550, 551, 552, data_Outros)

data_Equal_Weight <- c(289, 320)

data_Pib <- c(28, 32, 36, 81, 171, 178, 187, 203, 225, 263, 288, 298, 368, 376, 382, 429, 501, 526, 537)


data_PibPerCapta <- c(17, 20, 35, 44, 46, 59, 74, 77, 87, 95, 102, 114, 115, 117, 120, 144, 158, 161, 166, 167, 183, 
                      185, 201, 219, 221, 227, 232, 237, 247, 305, 306, 372, 463, 466, 489, 545)


data_Populacao <- c(51)


print(sprintf("Check de regioes: %d",
length(data_Conn) +
length(data_Equal_Weight) +
length(data_Pib) +
length(data_PibPerCapta) +
length(data_Populacao) ))

